
Duck ID: 234447
(-106.96248626708984, 53.56439208984375)
(-106.96244049072266, 53.564266204833984)
(-106.96228790283205, 53.5644416809082)
(-106.96259307861328, 53.56447982788086)
(-106.96240234375, 53.56434631347656)
(-106.96253967285156, 53.5643310546875)
(-106.96247100830078, 53.564544677734375)
(-106.9625015258789, 53.564266204833984)
(-106.96269989013672, 53.56465530395508)
(-106.96292114257812, 53.56455612182617)
(-106.96238708496094, 53.5643424987793)
(-106.96267700195312, 53.56451416015625)
(-106.9625244140625, 53.564598083496094)
(-106.9626235961914, 53.56441116333008)
(-106.96288299560548, 53.56463241577149)
(-106.96275329589844, 53.56458282470703)
(-106.96294403076172, 53.564571380615234)
(-106.96269989013672, 53.56444549560547)
(-106.96283721923828, 53.56461715698242)
(-106.9626693725586, 53.564456939697266)
(-106.96253967285156, 53.56427383422851)
(-106.96241760253906, 53.56455612182617)
(-106.9625015258789, 53.56459045410156)
(-106.9625015258789, 53.564300537109375)
(-106.962158203125, 53.564266204833984)
(-106.9625473022461, 53.56440734863281)
(-106.96289825439452, 53.564666748046875)
(-106.96266174316406, 53.56456756591797)
(-106.96269989013672, 53.56453323364258)
(-106.96275329589844, 53.564395904541016)
(-106.9629364013672, 53.56471252441406)
(-106.9624481201172, 53.56410217285156)
(-106.96278381347656, 53.56477355957031)
(-106.962646484375, 53.56453704833984)
(-106.96246337890624, 53.564414978027344)
(-106.96260833740234, 53.56431579589844)
(-106.96286010742188, 53.56444549560547)
(-106.96260833740234, 53.56430435180664)
(-106.96247100830078, 53.56429672241211)
(-106.96240997314452, 53.56429290771485)
(-106.96243286132812, 53.56432342529297)
(-106.96238708496094, 53.564327239990234)
(-106.9623794555664, 53.564334869384766)
(-106.96245574951172, 53.56452941894531)
(-106.96249389648438, 53.56416702270508)
(-106.9622573852539, 53.56440353393555)
(-106.96249389648438, 53.56431579589844)
(-106.96249389648438, 53.5645637512207)
(-106.96244049072266, 53.564720153808594)
(-106.96251678466795, 53.56441116333008)
(-106.96217346191406, 53.564666748046875)
(-106.96287536621094, 53.56463623046875)
(-106.96292114257812, 53.564552307128906)
(-106.96255493164062, 53.56462860107422)
(-106.9624252319336, 53.56447219848633)
(-106.9626007080078, 53.56462097167969)
(-106.96298217773438, 53.564453125)
(-106.9624252319336, 53.56434631347656)
(-106.96270751953124, 53.564430236816406)
(-106.9626693725586, 53.56443786621094)
(-106.96261596679688, 53.564476013183594)
(-106.96243286132812, 53.564247131347656)
(-106.9623031616211, 53.564300537109375)
(-106.96244049072266, 53.56432342529297)
(-106.96246337890624, 53.564327239990234)
(-106.9621810913086, 53.56391906738281)
(-106.96246337890624, 53.56428146362305)
(-106.96247863769533, 53.5643424987793)
(-106.96246337890624, 53.5643196105957)
(-106.96239471435548, 53.564239501953125)
(-106.96276092529295, 53.56432342529297)
(-106.9626007080078, 53.56452560424805)
(-106.96266174316406, 53.56441879272461)
(-106.9627914428711, 53.56423568725586)
(-106.96240234375, 53.56425476074219)
(-106.96292114257812, 53.5645637512207)
(-106.96240997314452, 53.56471633911133)
(-106.9627685546875, 53.56434631347656)
(-106.96240997314452, 53.56459426879883)
(-106.96272277832033, 53.56439971923828)
(-106.96278381347656, 53.56422424316406)
(-106.96256256103516, 53.5640869140625)
(-106.9627456665039, 53.56665802001953)
(-106.96263885498048, 53.564453125)
(-106.96273803710938, 53.564598083496094)
(-106.96246337890624, 53.564308166503906)
(-106.96240997314452, 53.56431579589844)
(-106.96243286132812, 53.56431579589844)
(-106.96247100830078, 53.56430435180664)
(-106.96259307861328, 53.56434631347656)
(-106.96239471435548, 53.5645637512207)
(-106.96253204345705, 53.564208984375)
(-106.96263885498048, 53.56447219848633)
(-106.96246337890624, 53.564395904541016)
(-106.96263885498048, 53.56440353393555)
(-106.96243286132812, 53.56438827514648)
(-106.96247863769533, 53.564453125)
(-106.9626007080078, 53.56459045410156)
(-106.96253967285156, 53.56430435180664)
(-106.9625473022461, 53.564476013183594)
(-106.96280670166016, 53.564361572265625)
(-106.96302032470705, 53.56435775756836)
(-106.9627914428711, 53.56435012817383)
(-106.96251678466795, 53.56448745727539)
(-106.9622802734375, 53.56473922729492)
(-106.96273803710938, 53.564361572265625)
(-106.9625244140625, 53.564483642578125)
(-106.9622802734375, 53.56425857543945)
(-106.96276092529295, 53.56431579589844)
(-106.9629135131836, 53.56441879272461)
(-106.96247100830078, 53.56433868408203)
(-106.9624481201172, 53.56429672241211)
(-106.9626007080078, 53.564544677734375)
(-106.96240997314452, 53.563663482666016)
(-106.96244049072266, 53.56439971923828)
(-106.96250915527344, 53.56438827514648)
(-106.9627914428711, 53.56427764892578)
(-106.9628677368164, 53.564231872558594)
(-106.96275329589844, 53.56429672241211)
(-106.9627685546875, 53.56437683105469)
(-106.96277618408205, 53.56450271606445)
(-106.96239471435548, 53.564491271972656)
(-106.96270751953124, 53.564361572265625)
(-106.96277618408205, 53.56423568725586)
(-106.96243286132812, 53.564456939697266)
(-106.96253967285156, 53.56464385986328)
(-106.96253204345705, 53.56432342529297)
(-106.96310424804688, 53.56439208984375)
(-106.9625244140625, 53.56441879272461)
(-106.96277618408205, 53.56435012817383)
(-106.96266174316406, 53.56532669067383)
(-106.9626007080078, 53.564361572265625)
(-106.96243286132812, 53.56434631347656)
(-106.96231079101562, 53.564239501953125)
(-106.96279907226562, 53.56428909301758)
(-106.9624252319336, 53.56428527832031)
(-106.96245574951172, 53.56433868408203)
(-106.96243286132812, 53.564266204833984)
(-106.96246337890624, 53.564308166503906)
(-106.96208953857422, 53.56427764892578)
(-106.96226501464844, 53.564208984375)
(-106.96251678466795, 53.56449508666992)
(-106.96217346191406, 53.564300537109375)
(-106.96234130859376, 53.564674377441406)
(-106.96236419677734, 53.5645866394043)
(-106.9614028930664, 53.564064025878906)
(-106.9626693725586, 53.56435775756836)
(-106.96248626708984, 53.564231872558594)
(-106.96261596679688, 53.56443405151367)
(-106.96295166015624, 53.56461715698242)
(-106.96282958984376, 53.56455612182617)
(-106.96257781982422, 53.564552307128906)
(-106.96273803710938, 53.56451416015625)
(-106.96287536621094, 53.564659118652344)
(-106.96279907226562, 53.5645866394043)
(-106.96282196044922, 53.56439971923828)
(-106.96286010742188, 53.56464385986328)
(-106.96270751953124, 53.564456939697266)
(-106.96294403076172, 53.56456756591797)
(-106.96292114257812, 53.56458282470703)
(-106.96249389648438, 53.56435775756836)
(-106.96272277832033, 53.56443786621094)
(-106.96226501464844, 53.56414794921875)
(-106.962646484375, 53.56389236450195)
(-106.96292877197266, 53.56386947631836)
(-106.96255493164062, 53.56431579589844)
(-106.96212005615234, 53.5641975402832)
(-106.96251678466795, 53.564090728759766)
(-106.96300506591795, 53.56471252441406)
(-106.96416473388672, 53.56344985961914)
(-106.96487426757812, 53.5635986328125)
(-106.96427917480467, 53.56371307373047)
(-106.96434020996094, 53.563602447509766)
(-106.9643325805664, 53.563621520996094)
(-106.96485900878906, 53.56357192993164)
(-106.96427154541016, 53.56364059448242)
(-106.9642562866211, 53.563724517822266)
(-106.96440887451172, 53.563743591308594)
(-106.96734619140624, 53.56014251708984)
(-106.95886993408205, 53.54927444458008)
(-106.94979095458984, 53.547813415527344)
(-106.94985961914062, 53.54792785644531)
(-106.94950103759766, 53.54777145385742)
(-106.94214630126952, 53.54484939575195)
(-106.94244384765624, 53.54500961303711)
(-106.94234466552734, 53.54494857788086)
(-106.94225311279295, 53.54484176635742)
(-106.94275665283205, 53.54509735107422)
(-106.94248962402344, 53.54499053955078)
(-106.94253540039062, 53.54478454589844)
(-106.94221496582033, 53.54477310180664)
(-106.94241333007812, 53.54505920410156)
(-106.94258880615234, 53.544952392578125)
(-106.94189453125, 53.54466247558594)
(-106.94264221191406, 53.545204162597656)
(-106.9428482055664, 53.54515838623047)
(-106.9428482055664, 53.545127868652344)
(-106.94283294677734, 53.545135498046875)
(-106.9424057006836, 53.544559478759766)
(-106.94269561767578, 53.54484558105469)
(-106.94234466552734, 53.544776916503906)
(-106.94261932373048, 53.54511642456055)
(-106.94187927246094, 53.54468536376953)
(-106.9424285888672, 53.54462432861328)
(-106.9426727294922, 53.54475784301758)
(-106.9425048828125, 53.54471206665039)
(-106.94226837158205, 53.54468536376953)
(-106.94427490234376, 53.54138946533203)
(-106.94388580322266, 53.54119110107422)
(-106.94371795654295, 53.54131317138672)
(-106.9439926147461, 53.541236877441406)
(-106.94408416748048, 53.54130554199219)
(-106.94406127929688, 53.54158401489258)
(-106.94408416748048, 53.541404724121094)
(-106.9444580078125, 53.54136657714844)
(-106.94402313232422, 53.54125213623047)
(-106.94184112548828, 53.54465103149414)
(-106.94248962402344, 53.54474639892578)
(-106.94257354736328, 53.54498672485352)
(-106.94281005859376, 53.5450325012207)
(-106.94284057617188, 53.54497528076172)
(-106.94287872314452, 53.5449333190918)
(-106.94276428222656, 53.544898986816406)
(-106.94292449951172, 53.54501724243164)
(-106.94270324707033, 53.54498291015625)
(-106.94265747070312, 53.54513931274414)
(-106.94186401367188, 53.54473114013672)
(-106.94234466552734, 53.54461288452149)
(-106.94219970703124, 53.54486846923828)
(-106.94180297851562, 53.544647216796875)
(-106.94246673583984, 53.54493713378906)
(-106.9427490234375, 53.544921875)
(-106.94216918945312, 53.54487609863281)
(-106.9423599243164, 53.54466247558594)
(-106.94237518310548, 53.54447937011719)
(-106.94244384765624, 53.544673919677734)
(-106.94252014160156, 53.544677734375)
(-106.9424819946289, 53.54464340209961)
(-106.94241333007812, 53.54457473754883)
(-106.9422378540039, 53.544769287109375)
(-106.94251251220705, 53.54458999633789)
(-106.94239044189452, 53.544673919677734)
(-106.94247436523438, 53.544677734375)
(-106.94281768798828, 53.54500961303711)
(-106.94283294677734, 53.54497146606445)
(-106.94281005859376, 53.544921875)
(-106.94281005859376, 53.544960021972656)
(-106.94246673583984, 53.544769287109375)
(-106.94283294677734, 53.54499053955078)
(-106.94208526611328, 53.544822692871094)
(-106.94244384765624, 53.54471969604492)
(-106.94278717041016, 53.54493713378906)
(-106.94190979003906, 53.54475402832031)
(-106.94237518310548, 53.544891357421875)
(-106.94261932373048, 53.54479217529297)
(-106.9427490234375, 53.54508972167969)
(-106.94281768798828, 53.544979095458984)
(-106.94229125976562, 53.5449333190918)
(-106.94252014160156, 53.54475402832031)
(-106.94259643554688, 53.54506301879883)
(-106.94232940673828, 53.544883728027344)
(-106.94256591796876, 53.54470443725586)
(-106.94258880615234, 53.54502487182617)
(-106.94207000732422, 53.54477310180664)
(-106.94254302978516, 53.54460906982422)
(-106.94207000732422, 53.5445556640625)
(-106.9428253173828, 53.545040130615234)
(-106.94288635253906, 53.5450325012207)
(-106.94285583496094, 53.544979095458984)
(-106.94285583496094, 53.544952392578125)
(-106.94290924072266, 53.54508590698242)
(-106.94197845458984, 53.544715881347656)
(-106.9425277709961, 53.54483795166016)
(-106.94265747070312, 53.54500198364258)
(-106.9425048828125, 53.544898986816406)
(-106.94265747070312, 53.54508590698242)
(-106.94332122802734, 53.545867919921875)
(-106.94229125976562, 53.54472351074219)
(-106.9426040649414, 53.544795989990234)
(-106.94251251220705, 53.54482650756836)
(-106.94192504882812, 53.54486083984375)
(-106.9424819946289, 53.54484558105469)
(-106.94251251220705, 53.544822692871094)
(-106.943603515625, 53.54355239868164)
(-106.94401550292967, 53.54117202758789)
(-106.9441375732422, 53.54118728637695)
(-106.94402313232422, 53.54122543334961)
(-106.94241333007812, 53.544795989990234)
(-106.94207000732422, 53.544673919677734)
(-106.94253540039062, 53.5447883605957)
(-106.94255828857422, 53.544979095458984)
(-106.9428482055664, 53.54498672485352)
(-106.9425048828125, 53.544925689697266)
(-106.9425048828125, 53.54469299316406)
(-106.9428253173828, 53.544979095458984)
(-106.94257354736328, 53.54500198364258)
(-106.94210815429688, 53.54473876953125)
(-106.94198608398438, 53.54475402832031)
(-106.94208526611328, 53.54473114013672)
(-106.9420166015625, 53.544715881347656)
(-106.94239807128906, 53.54467010498047)
(-106.9419937133789, 53.54474639892578)
(-106.94400787353516, 53.541236877441406)
(-106.94403076171876, 53.54123306274414)
(-106.94414520263672, 53.5411376953125)
(-106.94385528564452, 53.541019439697266)
(-106.944091796875, 53.541236877441406)
(-106.94405364990234, 53.54133605957031)
(-106.94398498535156, 53.541236877441406)
(-106.94287109375, 53.54499435424805)
(-106.94194793701172, 53.54469299316406)
(-106.94188690185548, 53.54472351074219)
(-106.9419937133789, 53.54467010498047)
(-106.94226837158205, 53.54468536376953)
(-106.94223022460938, 53.54484939575195)
(-106.9428253173828, 53.54498672485352)
(-106.9422378540039, 53.544700622558594)
(-106.94200897216795, 53.54485321044922)
(-106.94227600097656, 53.54474258422851)
(-106.94268035888672, 53.54475402832031)
(-106.94268035888672, 53.54475402832031)
(-106.94261169433594, 53.54506301879883)
(-106.9425811767578, 53.54463577270508)
(-106.9425811767578, 53.54463577270508)
(-106.94217681884766, 53.54474639892578)
(-106.94186401367188, 53.54462814331055)
(-106.94241333007812, 53.54484939575195)
(-106.94241333007812, 53.54484939575195)
(-106.94212341308594, 53.5447883605957)
(-106.94403839111328, 53.54119873046875)
(-106.944091796875, 53.54119110107422)
(-106.944091796875, 53.54119110107422)
(-106.94401550292967, 53.54127883911133)
(-106.94400787353516, 53.54121017456055)
(-106.9440460205078, 53.541236877441406)
(-106.9440460205078, 53.541236877441406)
(-106.94414520263672, 53.54136657714844)
(-106.94406127929688, 53.541229248046875)
(-106.94202423095705, 53.54453659057617)
(-106.94202423095705, 53.54453659057617)
(-106.94229125976562, 53.54469299316406)
(-106.942138671875, 53.544795989990234)
(-106.9420928955078, 53.54473114013672)
(-106.9420928955078, 53.54473114013672)
(-106.94236755371094, 53.54489517211914)
(-106.94264221191406, 53.54517364501953)
(-106.94234466552734, 53.54490280151367)
(-106.94234466552734, 53.54490280151367)
(-106.94271850585938, 53.54495620727539)
(-106.94187927246094, 53.544677734375)
(-106.94237518310548, 53.54490280151367)
(-106.94237518310548, 53.54490280151367)
(-106.9418487548828, 53.54471206665039)
(-106.94239807128906, 53.544677734375)
(-106.94219970703124, 53.54476547241211)
(-106.94232940673828, 53.54484939575195)
(-106.94222259521484, 53.54483795166016)
(-106.94254302978516, 53.54499435424805)
(-106.94243621826172, 53.544918060302734)
(-106.94242095947266, 53.544898986816406)
(-106.94283294677734, 53.545021057128906)
(-106.94265747070312, 53.54503631591797)
(-106.94270324707033, 53.5448112487793)
(-106.94400024414062, 53.54117965698242)
(-106.94400024414062, 53.54117965698242)
(-106.94400024414062, 53.54119491577149)
(-106.94409942626952, 53.54116439819336)
(-106.94409942626952, 53.541259765625)
(-106.94416809082033, 53.54123306274414)
(-106.94415283203124, 53.541465759277344)
(-106.9424285888672, 53.54472351074219)
(-106.9425277709961, 53.544891357421875)
(-106.9425811767578, 53.54478073120117)
(-106.94261932373048, 53.54473114013672)
(-106.94259643554688, 53.54483795166016)
(-106.94252014160156, 53.54473876953125)
(-106.94280242919922, 53.54496765136719)
(-106.94265747070312, 53.5450325012207)
(-106.94251251220705, 53.544822692871094)
(-106.94239807128906, 53.545021057128906)
(-106.94258880615234, 53.54478073120117)
(-106.94229125976562, 53.54474258422851)
(-106.94277954101562, 53.54468536376953)
(-106.94217681884766, 53.54471969604492)
(-106.94405364990234, 53.5412712097168)
(-106.94405364990234, 53.5412483215332)
(-106.94427490234376, 53.54133987426758)
(-106.94425964355467, 53.541316986083984)
(-106.94386291503906, 53.541114807128906)
(-106.94371032714844, 53.541141510009766)
(-106.94400787353516, 53.54117202758789)
(-106.94285583496094, 53.54492950439453)
(-106.9426498413086, 53.545143127441406)
(-106.9426727294922, 53.54486846923828)
(-106.9420166015625, 53.54467010498047)
(-106.94236755371094, 53.54475402832031)
(-106.942138671875, 53.54467010498047)
(-106.9426498413086, 53.54470443725586)
(-106.94263458251952, 53.54485702514648)
(-106.94255828857422, 53.54467010498047)
(-106.94217681884766, 53.54471969604492)
(-106.94281768798828, 53.54500961303711)
(-106.94281768798828, 53.54500961303711)
(-106.9427490234375, 53.54508209228515)
(-106.94237518310548, 53.544864654541016)
(-106.94237518310548, 53.544864654541016)
(-106.94246673583984, 53.54466247558594)
(-106.94217681884766, 53.544776916503906)
(-106.9420394897461, 53.54484176635742)
(-106.9420394897461, 53.54484176635742)
(-106.94432830810548, 53.541358947753906)
(-106.94430541992188, 53.54127883911133)
(-106.9442138671875, 53.54132080078125)
(-106.9442138671875, 53.54132080078125)
(-106.94425964355467, 53.541358947753906)
(-106.9439926147461, 53.54122543334961)
(-106.9439697265625, 53.54116439819336)
(-106.9439697265625, 53.54116439819336)
(-106.94403839111328, 53.541221618652344)
(-106.94426727294922, 53.54130172729492)
(-106.94426727294922, 53.54145812988281)
(-106.94426727294922, 53.54145812988281)
(-106.94400024414062, 53.5412483215332)
(-106.94255828857422, 53.54490661621094)
(-106.94247436523438, 53.54497528076172)
(-106.94247436523438, 53.54497528076172)
(-106.94255828857422, 53.545074462890625)
(-106.9428253173828, 53.54493713378906)
(-106.94264221191406, 53.54510116577149)
(-106.94264221191406, 53.54510116577149)
(-106.94264221191406, 53.54487991333008)
(-106.94273376464844, 53.544803619384766)
(-106.9422607421875, 53.544776916503906)
(-106.9422607421875, 53.544776916503906)
(-106.94190216064452, 53.54476165771485)
(-106.94196319580078, 53.54471969604492)
(-106.9425811767578, 53.54500198364258)
(-106.94200897216795, 53.544830322265625)
(-106.94192504882812, 53.54467010498047)
(-106.94196319580078, 53.54478073120117)
(-106.94202423095705, 53.54456329345703)
(-106.94417572021484, 53.54133987426758)
(-106.94417572021484, 53.54125213623047)
(-106.94422912597656, 53.541351318359375)
(-106.94403076171876, 53.541221618652344)
(-106.9439926147461, 53.54125213623047)
(-106.9439926147461, 53.54125213623047)
(-106.9441375732422, 53.54118347167969)
(-106.94403839111328, 53.54118347167969)
(-106.9439468383789, 53.54126739501953)
(-106.94393920898438, 53.54126739501953)
(-106.94400024414062, 53.541290283203125)
(-106.9424057006836, 53.54460525512695)
(-106.9424057006836, 53.5446891784668)
(-106.94249725341795, 53.544654846191406)
(-106.94215393066406, 53.544803619384766)
(-106.9426727294922, 53.54485321044922)
(-106.94230651855467, 53.54485702514648)
(-106.94263458251952, 53.54477310180664)
(-106.94188690185548, 53.544673919677734)
(-106.94193267822266, 53.544769287109375)
(-106.94190979003906, 53.54484558105469)
(-106.94185638427734, 53.54460144042969)
(-106.9419403076172, 53.54469680786133)
(-106.94206237792967, 53.54475402832031)
(-106.94232940673828, 53.54473114013672)
(-106.94398498535156, 53.54121398925781)
(-106.9440460205078, 53.541236877441406)
(-106.94388580322266, 53.54134368896485)
(-106.9441146850586, 53.54139709472656)
(-106.9439468383789, 53.54119110107422)
(-106.94408416748048, 53.54119873046875)
(-106.94403839111328, 53.54120635986328)
(-106.94401550292967, 53.54117584228515)
(-106.94383239746094, 53.54124069213867)
(-106.944091796875, 53.541282653808594)
(-106.94230651855467, 53.544734954833984)
(-106.94194793701172, 53.5446891784668)
(-106.94194793701172, 53.54472351074219)
(-106.9419403076172, 53.54465103149414)
(-106.94195556640624, 53.54471969604492)
(-106.94205474853516, 53.54479217529297)
(-106.94188690185548, 53.54476547241211)
(-106.9423370361328, 53.544822692871094)
(-106.94205474853516, 53.54473876953125)
(-106.94231414794922, 53.54475402832031)
(-106.9427719116211, 53.54497146606445)
(-106.94192504882812, 53.544647216796875)
(-106.94264221191406, 53.54509353637695)
(-106.94277954101562, 53.545169830322266)
(-106.94277954101562, 53.54531478881836)
(-106.94264221191406, 53.54522705078125)
(-106.9425048828125, 53.54496383666992)
(-106.942626953125, 53.54511260986328)
(-106.94261932373048, 53.54507827758789)
(-106.94271850585938, 53.54509735107422)
(-106.94270324707033, 53.54514694213867)
(-106.94268798828124, 53.54513931274414)
(-106.9441909790039, 53.5413818359375)
(-106.9440689086914, 53.54121780395508)
(-106.94419860839844, 53.54134750366211)
(-106.94896697998048, 53.54256057739258)
(-106.9420166015625, 53.54466247558594)
(-106.942626953125, 53.54475784301758)
(-106.94257354736328, 53.54479217529297)
(-106.9425048828125, 53.54473876953125)
(-106.94255828857422, 53.54486846923828)
(-106.9422836303711, 53.54486846923828)
(-106.9441909790039, 53.541351318359375)
(-106.94418334960938, 53.541351318359375)
(-106.94242095947266, 53.544647216796875)
(-106.94266510009766, 53.54512023925781)
(-106.94207000732422, 53.54486846923828)
(-106.94234466552734, 53.544918060302734)
(-106.94252014160156, 53.544715881347656)
(-106.94224548339844, 53.544776916503906)
(-106.94259643554688, 53.54481506347656)
(-106.94261169433594, 53.54488754272461)
(-106.94264221191406, 53.54517364501953)
(-106.94281768798828, 53.54505920410156)
(-106.9426040649414, 53.5450439453125)
(-106.9422836303711, 53.545135498046875)
(-106.94264221191406, 53.54519271850586)
(-106.94439697265624, 53.54148864746094)
(-106.94437408447266, 53.54138946533203)
(-106.95128631591795, 53.54450988769531)
(-106.72652435302734, 53.37516403198242)
(-105.99427032470705, 52.793251037597656)
(-105.60448455810548, 52.52057647705078)
(-105.60447692871094, 52.52060317993164)
(-105.60427856445312, 52.52031707763672)
(-105.60475158691406, 52.52077102661133)
(-105.6048812866211, 52.52086639404297)
(-105.60459899902344, 52.5206413269043)
(-105.60485076904295, 52.520652770996094)
(-105.60230255126952, 52.52169418334961)
(-105.60729217529295, 52.52507019042969)
(-105.61119079589844, 52.54207229614258)
(-105.61300659179688, 52.54281997680664)
(-105.61312866210938, 52.54287338256836)
(-105.62290954589844, 52.524932861328125)
(-105.6229476928711, 52.524078369140625)
(-105.6229248046875, 52.5243034362793)
(-105.62300872802734, 52.52418899536133)
(-105.62298583984376, 52.52423477172851)
(-105.62190246582033, 52.5245475769043)
(-105.62254333496094, 52.52485275268555)
(-105.62216186523438, 52.52524948120117)
(-105.62226104736328, 52.52533721923828)
(-105.62213134765624, 52.5252685546875)
(-105.62238311767578, 52.52473831176758)
(-105.6046371459961, 52.52057647705078)
(-105.60474395751952, 52.52058029174805)
(-105.60472869873048, 52.52059173583984)
(-105.6046371459961, 52.52032852172851)
(-105.60467529296876, 52.5203971862793)
(-105.60472106933594, 52.52046203613281)
(-105.60456848144533, 52.520118713378906)
(-105.60481262207033, 52.52048110961914)
(-105.62255096435548, 52.52390670776367)
(-105.61305236816406, 52.54279327392578)
(-105.61304473876952, 52.54280853271485)
(-105.61306762695312, 52.54289245605469)
(-105.62322235107422, 52.52210235595703)
(-105.62230682373048, 52.521507263183594)
(-105.62257385253906, 52.52434539794922)
(-105.62340545654295, 52.52326202392578)
(-105.62319946289062, 52.52338409423828)
(-105.62348175048828, 52.52322006225586)
(-105.62339782714844, 52.52323913574219)
(-105.62342071533205, 52.52329635620117)
(-105.62345123291016, 52.52324676513672)
(-105.61367797851562, 52.54181289672851)
(-105.6093292236328, 52.53129959106445)
(-105.60343170166016, 52.52088928222656)
(-105.60460662841795, 52.52102279663086)
(-105.60462188720705, 52.52080535888672)
(-105.60442352294922, 52.52096176147461)
(-105.60445404052734, 52.52097702026367)
(-105.6045150756836, 52.52093505859375)
(-105.6047821044922, 52.52067184448242)
(-105.60494232177734, 52.52056884765625)
(-105.60506439208984, 52.520469665527344)
(-105.6020965576172, 52.52254104614258)
(-105.61307525634766, 52.54278564453125)
(-105.61294555664062, 52.54280853271485)
(-105.61296844482422, 52.54280090332031)
(-105.61298370361328, 52.5428466796875)
(-105.6228256225586, 52.52426528930664)
(-105.62264251708984, 52.52415466308594)
(-105.62277221679688, 52.524391174316406)
(-105.6234130859375, 52.52385330200195)
(-105.62279510498048, 52.52447891235352)
(-105.62271881103516, 52.52468490600586)
(-105.62266540527344, 52.52493667602539)
(-105.62257385253906, 52.52488708496094)
(-105.6224136352539, 52.52486801147461)
(-105.59652709960938, 52.533058166503906)
(-105.59651947021484, 52.53327560424805)
(-105.59683227539062, 52.53343963623047)
(-105.59661102294922, 52.53323745727539)
(-105.59666442871094, 52.53336334228515)
(-105.60472869873048, 52.520633697509766)
(-105.60481262207033, 52.520477294921875)
(-105.6049346923828, 52.520660400390625)
(-105.60466766357422, 52.520530700683594)
(-105.6050796508789, 52.52044677734375)
(-105.60172271728516, 52.52263259887695)
(-105.61212921142578, 52.54244613647461)
(-105.61302947998048, 52.54279708862305)
(-105.62261199951172, 52.5244026184082)
(-105.62278747558594, 52.5244026184082)
(-105.62345123291016, 52.52213287353515)
(-105.62344360351562, 52.522071838378906)
(-105.62338256835938, 52.521995544433594)
(-105.6157684326172, 52.521202087402344)
(-105.61470794677734, 52.52152633666992)
(-105.61461639404295, 52.52157974243164)
(-105.6142578125, 52.52266311645508)
(-105.61461639404295, 52.52153396606445)
(-105.6199951171875, 52.52786636352539)
(-105.59664916992188, 52.53296661376953)
(-105.5964813232422, 52.5328369140625)
(-105.59713745117188, 52.53276824951172)
(-105.59659576416016, 52.53382873535156)
(-105.59650421142578, 52.533668518066406)
(-105.59612274169922, 52.5327033996582)
(-105.59646606445312, 52.53378677368164)
(-105.59651184082033, 52.53377532958984)
(-105.5965805053711, 52.53374481201172)
(-105.5965576171875, 52.533748626708984)
(-105.5965576171875, 52.53376007080078)
(-105.59639739990234, 52.53374481201172)
(-105.630859375, 52.53821563720703)
(-105.60918426513672, 52.52360916137695)
(-105.6090850830078, 52.52349853515625)
(-105.60919189453124, 52.52357482910156)
(-105.60913848876952, 52.52376556396485)
(-105.609375, 52.523712158203125)
(-105.60919189453124, 52.52361297607422)
(-105.61058044433594, 52.52315139770508)
(-105.61043548583984, 52.52311706542969)
(-105.61052703857422, 52.52306365966797)
(-105.60789489746094, 52.523983001708984)
(-105.59127807617188, 52.52662658691406)
(-105.59656524658205, 52.53384780883789)
(-105.60430145263672, 52.5209846496582)
(-105.6045150756836, 52.520748138427734)
(-105.60456085205078, 52.52081680297851)
(-105.6045379638672, 52.520748138427734)
(-105.6050262451172, 52.520694732666016)
(-105.60467529296876, 52.5203742980957)
(-105.60464477539062, 52.520408630371094)
(-105.60467529296876, 52.52040100097656)
(-105.6044692993164, 52.5207405090332)
(-105.60208129882812, 52.52293014526367)
(-105.59960174560548, 52.52508163452149)
(-105.59921264648438, 52.525142669677734)
(-105.59822082519533, 52.52544403076172)
(-105.5965347290039, 52.53331756591797)
(-105.59805297851562, 52.53645324707031)
(-105.59915161132812, 52.536746978759766)
(-105.5995101928711, 52.5366325378418)
(-105.59994506835938, 52.536598205566406)
(-105.60011291503906, 52.536563873291016)
(-105.59741973876952, 52.5362434387207)
(-105.59739685058594, 52.53632736206055)
(-105.59980010986328, 52.53660583496094)
(-105.6023941040039, 52.53956985473633)
(-105.6040267944336, 52.520938873291016)
(-105.6046371459961, 52.52068328857422)
(-105.60391235351562, 52.52035140991211)
(-105.60365295410156, 52.51988220214844)
(-105.60363006591795, 52.51982116699219)
(-105.60350799560548, 52.519752502441406)
(-105.60335540771484, 52.5195426940918)
(-105.6036605834961, 52.51979064941406)
(-105.60365295410156, 52.519775390625)
(-105.60274505615234, 52.51992416381836)
(-105.60362243652344, 52.519832611083984)
(-105.60052490234376, 52.52058792114258)
(-105.57951354980467, 52.5347785949707)
(-105.58082580566406, 52.53433609008789)
(-105.58733367919922, 52.532691955566406)
(-105.59646606445312, 52.53310775756836)
(-105.61476135253906, 52.52171325683594)
(-105.61475372314452, 52.52164077758789)
(-105.61481475830078, 52.52166366577149)
(-105.6148452758789, 52.52171325683594)
(-105.60751342773438, 52.5245361328125)
(-105.60755157470705, 52.52457809448242)
(-105.60676574707033, 52.52544021606445)
(-105.60366821289062, 52.51988983154297)
(-105.6198501586914, 52.51276016235352)
(-105.60107421875, 52.520477294921875)
(-105.6026611328125, 52.51982879638672)
(-105.6019515991211, 52.52027130126953)
(-105.60354614257812, 52.52052307128906)
(-105.60411071777344, 52.520633697509766)
(-105.60420989990234, 52.52016830444336)
(-105.60427856445312, 52.52023696899414)
(-105.60428619384766, 52.52018356323242)
(-105.60192108154295, 52.51976776123047)
(-105.60186767578124, 52.51984405517578)
(-105.6008071899414, 52.52034759521485)
(-105.60099792480467, 52.52031326293945)
(-105.59992980957033, 52.51070022583008)
(-105.60057067871094, 52.51084899902344)
(-105.60148620605467, 52.51108169555664)
(-105.61846160888672, 52.51351547241211)
(-105.61866760253906, 52.52078628540039)
(-105.61876678466795, 52.52071762084961)
(-105.6187973022461, 52.52079391479492)
(-105.61833953857422, 52.5206413269043)
(-105.6187744140625, 52.5206413269043)
(-105.6186981201172, 52.52055358886719)
(-105.6186294555664, 52.52068710327149)
(-105.6043701171875, 52.51996612548828)
(-105.60360717773438, 52.521034240722656)
(-105.6039581298828, 52.520896911621094)
(-105.6039047241211, 52.5208854675293)
(-105.60123443603516, 52.5200309753418)
(-105.60130310058594, 52.520137786865234)
(-105.60121154785156, 52.52006530761719)
(-105.60123443603516, 52.52008819580078)
(-105.60071563720705, 52.52059555053711)
(-105.6007308959961, 52.52046203613281)
(-105.60052490234376, 52.52054214477539)
(-105.60103607177734, 52.520206451416016)
(-105.60073852539062, 52.5203857421875)
(-105.58991241455078, 52.508541107177734)
(-105.58687591552734, 52.514034271240234)
(-105.58721923828124, 52.5141716003418)
(-105.58716583251952, 52.51409530639648)
(-105.587158203125, 52.514163970947266)
(-105.58677673339844, 52.51515197753906)
(-105.58709716796876, 52.51408767700195)
(-105.58718872070312, 52.51422119140625)
(-105.61959838867188, 52.520530700683594)
(-105.61734008789062, 52.51348114013672)
(-105.617919921875, 52.52068328857422)
(-105.60423278808594, 52.52008056640625)
(-105.6041488647461, 52.52015686035156)
(-105.60416412353516, 52.52013397216797)
(-105.60415649414062, 52.520172119140625)
(-105.60404205322266, 52.520118713378906)
(-105.6041030883789, 52.52027130126953)
(-105.60367584228516, 52.5202522277832)
(-105.6032257080078, 52.519832611083984)
(-105.60347747802734, 52.52093124389648)
(-105.6034927368164, 52.52080535888672)
(-105.60394287109376, 52.52001953125)
(-105.61868286132812, 52.52068328857422)
(-105.61561584472656, 52.53013229370117)
(-105.61563110351562, 52.5301399230957)
(-105.61553192138672, 52.52983856201172)
(-105.6156768798828, 52.53020477294922)
(-105.61502075195312, 52.53050994873047)
(-105.61497497558594, 52.53070068359375)
(-105.61506652832033, 52.53065872192383)
(-105.61531829833984, 52.53045654296875)
(-105.614990234375, 52.5303840637207)
(-105.61540222167967, 52.53047561645508)
(-105.6161117553711, 52.52115249633789)
(-105.6157455444336, 52.5212516784668)
(-105.50772094726562, 52.52789688110352)
(-105.50923919677734, 52.52730178833008)
(-105.50897979736328, 52.52727890014648)
(-105.50897979736328, 52.52729415893555)
(-105.50921630859376, 52.52731704711914)
(-105.50892639160156, 52.52739715576172)
(-105.5087890625, 52.52748489379883)
(-105.50885772705078, 52.52745819091797)
(-105.5088348388672, 52.52737045288086)
(-105.50885772705078, 52.5273323059082)
(-105.5088119506836, 52.52743148803711)
(-105.4717788696289, 52.54810333251953)
(-105.46553802490234, 52.54727554321289)
(-105.46957397460938, 52.547889709472656)
(-105.46278381347656, 52.54611587524414)
(-105.47116088867188, 52.54777145385742)
(-105.47085571289062, 52.54767608642578)
(-105.4710464477539, 52.54775619506836)
(-105.47106170654295, 52.5477294921875)
(-105.47193908691406, 52.54767608642578)
(-105.47195434570312, 52.547847747802734)
(-105.47212982177734, 52.54779815673828)
(-105.47211456298828, 52.54771041870117)
(-105.47021484375, 52.54819107055664)
(-105.46326446533205, 52.5499382019043)
(-105.46321105957033, 52.550071716308594)
(-105.46328735351562, 52.55006790161133)
(-105.46331024169922, 52.55012130737305)
(-105.46318817138672, 52.55003356933594)
(-105.4630355834961, 52.550296783447266)
(-105.46316528320312, 52.549957275390625)
(-105.46502685546876, 52.550437927246094)
(-105.46565246582033, 52.5501823425293)
(-105.46562957763672, 52.55025863647461)
(-105.46517944335938, 52.54978942871094)
(-105.46533203125, 52.5503044128418)
(-105.4677505493164, 52.54903793334961)
(-105.4710464477539, 52.5477180480957)
(-105.4708023071289, 52.54766845703125)
(-105.48109436035156, 52.54964828491211)
(-105.48106384277344, 52.54962158203125)
(-105.48109436035156, 52.54966735839844)
(-105.4723892211914, 52.547813415527344)
(-105.47106170654295, 52.54780197143555)
(-105.47148895263672, 52.547386169433594)
(-105.47112274169922, 52.547725677490234)
(-105.46955871582033, 52.54755401611328)
(-105.46927642822266, 52.54766845703125)
(-105.4699249267578, 52.547584533691406)
(-105.4822998046875, 52.54524993896485)
(-105.48233795166016, 52.54520797729492)
(-105.48236083984376, 52.54531478881836)
(-105.48257446289062, 52.54512023925781)
(-105.48247528076172, 52.54513931274414)
(-105.48252868652344, 52.545143127441406)
(-105.4825210571289, 52.54513931274414)
(-105.4825439453125, 52.54520034790039)
(-105.48287200927734, 52.54533386230469)
(-105.48240661621094, 52.545188903808594)
(-105.48204040527344, 52.54507827758789)
(-105.48029327392578, 52.54613494873047)
(-105.47723388671876, 52.551025390625)
(-105.4776611328125, 52.55101776123047)
(-105.47783660888672, 52.55091857910156)
(-105.47772216796876, 52.55072021484375)
(-105.47795104980467, 52.55091857910156)
(-105.47737884521484, 52.5508918762207)
(-105.4775848388672, 52.55094528198242)
(-105.47779083251952, 52.55099105834961)
(-105.4753875732422, 52.55051803588867)
(-105.47447204589844, 52.55036926269531)
(-105.47452545166016, 52.5504150390625)
(-105.49002838134766, 52.533809661865234)
(-105.49005889892578, 52.53373718261719)
(-105.4900360107422, 52.533729553222656)
(-105.49009704589844, 52.533790588378906)
(-105.4902114868164, 52.53400802612305)
(-105.489990234375, 52.5338020324707)
(-105.49010467529295, 52.53388595581055)
(-105.4899444580078, 52.533782958984375)
(-105.49004364013672, 52.53371047973633)
(-105.48995971679688, 52.533687591552734)
(-105.489990234375, 52.533782958984375)
(-105.47482299804688, 52.550350189208984)
(-105.4754409790039, 52.55048370361328)
(-105.4754409790039, 52.55042266845703)
(-105.47550964355467, 52.55044174194336)
(-105.4751434326172, 52.550437927246094)
(-105.47482299804688, 52.550411224365234)
(-105.48851013183594, 52.535526275634766)
(-105.49659729003906, 52.54728698730469)
(-105.4964599609375, 52.54743576049805)
(-105.4910659790039, 52.54107666015625)
(-105.490234375, 52.541168212890625)
(-105.49018096923828, 52.54106140136719)
(-105.4921875, 52.54186248779297)
(-105.49227142333984, 52.54177474975586)
(-105.49224853515624, 52.541786193847656)
(-105.49232482910156, 52.54174041748047)
(-105.4922866821289, 52.54182434082031)
(-105.49237060546876, 52.54183578491211)
(-105.49222564697266, 52.54179763793945)
(-105.4922866821289, 52.54181671142578)
(-105.49219512939452, 52.541770935058594)
(-105.4922332763672, 52.541778564453125)
(-105.49221801757812, 52.5417366027832)
(-105.4921417236328, 52.54167938232422)
(-105.49226379394533, 52.54175567626953)
(-105.47349548339844, 52.55037307739258)
(-105.47312927246094, 52.550418853759766)
(-105.47325134277344, 52.5503044128418)
(-105.4731674194336, 52.55018615722656)
(-105.46297454833984, 52.550254821777344)
(-105.46321868896484, 52.55007553100586)
(-105.46268463134766, 52.54840850830078)
(-105.4626693725586, 52.550296783447266)
(-105.46257781982422, 52.550418853759766)
(-105.46280670166016, 52.550537109375)
(-105.4725341796875, 52.55000686645508)

Duck ID: 234487
(-98.62166595458984, 48.35992431640625)
(-98.62168884277344, 48.35987091064453)
(-98.62268829345705, 48.36079788208008)
(-98.6224594116211, 48.360862731933594)
(-98.62257385253906, 48.36086654663086)
(-98.62246704101562, 48.36076354980469)
(-98.6228256225586, 48.3616943359375)
(-98.6230010986328, 48.36166000366211)
(-98.62291717529295, 48.36174392700195)
(-98.62286376953124, 48.3618049621582)
(-98.62286376953124, 48.36183547973633)
(-98.62152862548828, 48.3603630065918)
(-98.6217803955078, 48.359771728515625)
(-98.6213150024414, 48.36001968383789)
(-98.6216812133789, 48.35991287231445)
(-98.62177276611328, 48.35988235473633)
(-98.62149810791016, 48.36043167114258)
(-98.62190246582033, 48.35987091064453)
(-98.62139892578124, 48.36042785644531)
(-98.62150573730467, 48.36038589477539)
(-98.6213150024414, 48.36006164550781)
(-98.62134552001952, 48.36011505126953)
(-98.6213607788086, 48.36022186279297)
(-98.6218719482422, 48.3607177734375)
(-98.6213607788086, 48.360389709472656)
(-98.62336730957033, 48.3618049621582)
(-98.6228485107422, 48.36172866821289)
(-98.6232681274414, 48.36180877685547)
(-98.6233139038086, 48.36180114746094)
(-98.62328338623048, 48.361724853515625)
(-98.62326049804688, 48.36176300048828)
(-98.62329864501952, 48.361812591552734)
(-98.62321472167967, 48.361793518066406)
(-98.62347412109376, 48.361698150634766)
(-98.62321472167967, 48.36171340942383)
(-98.62152099609376, 48.36036682128906)
(-98.62283325195312, 48.361183166503906)
(-98.62281036376952, 48.361228942871094)
(-98.62283325195312, 48.36126708984375)
(-98.62294006347656, 48.361671447753906)
(-98.623291015625, 48.36189651489258)
(-98.62325286865234, 48.36181640625)
(-98.62359619140624, 48.36229705810547)
(-98.62355041503906, 48.3622932434082)
(-98.62323760986328, 48.361724853515625)
(-98.6232681274414, 48.36174011230469)
(-98.6228485107422, 48.36183166503906)
(-98.62293243408205, 48.36174392700195)
(-98.62267303466795, 48.36167526245117)
(-98.621337890625, 48.3602294921875)
(-98.62287139892578, 48.36176681518555)
(-98.62281036376952, 48.36177062988281)
(-98.62293243408205, 48.36183166503906)
(-98.622802734375, 48.361724853515625)
(-98.62286376953124, 48.36176681518555)
(-98.62289428710938, 48.361759185791016)
(-98.62239074707033, 48.36090087890625)
(-98.62140655517578, 48.35995101928711)
(-98.62149810791016, 48.35997009277344)
(-98.62076568603516, 48.36037826538086)
(-98.62161254882812, 48.3604621887207)
(-98.6214599609375, 48.36056137084961)
(-98.62215423583984, 48.36092758178711)
(-98.62185668945312, 48.3598518371582)
(-98.62185668945312, 48.359825134277344)
(-98.621826171875, 48.35982894897461)
(-98.62178802490234, 48.35987091064453)
(-98.6219253540039, 48.36077499389648)
(-98.62191009521484, 48.35986328125)
(-98.62173461914062, 48.35987854003906)
(-98.62166595458984, 48.359886169433594)
(-98.621826171875, 48.36087417602539)
(-98.62164306640624, 48.359962463378906)
(-98.62287139892578, 48.361839294433594)
(-98.62276458740234, 48.36175537109375)
(-98.6211929321289, 48.36017990112305)
(-98.62107849121094, 48.36036682128906)
(-98.62081146240234, 48.3603515625)
(-98.62320709228516, 48.36125564575195)
(-98.62169647216795, 48.35993576049805)
(-98.62134552001952, 48.35992431640625)
(-98.62166595458984, 48.36011505126953)
(-98.62142181396484, 48.359981536865234)
(-98.6214599609375, 48.35979461669922)
(-98.62158203125, 48.3604621887207)
(-98.62247467041016, 48.36163330078125)
(-98.62183380126952, 48.35979080200195)
(-98.62181854248048, 48.35984420776367)
(-98.62181091308594, 48.35990905761719)
(-98.62168884277344, 48.35990905761719)
(-98.62171173095705, 48.359832763671875)
(-98.6218490600586, 48.36043548583984)
(-98.62134552001952, 48.36000442504883)
(-98.62190246582033, 48.35911560058594)
(-98.62197875976562, 48.35904312133789)
(-98.62301635742188, 48.35863494873047)
(-98.62210083007812, 48.35905838012695)
(-98.62189483642578, 48.35894012451172)
(-98.62151336669922, 48.359519958496094)
(-98.6213607788086, 48.359989166259766)
(-98.62139129638672, 48.36003875732422)
(-98.62142181396484, 48.35995101928711)
(-98.62088775634766, 48.36027145385742)
(-98.62077331542967, 48.360374450683594)
(-98.62125396728516, 48.36009979248047)
(-98.62071228027344, 48.36021423339844)
(-98.62076568603516, 48.36004257202149)
(-98.6218490600586, 48.359004974365234)
(-98.62168884277344, 48.35892868041992)
(-98.62174224853516, 48.359901428222656)
(-98.62178802490234, 48.35990524291992)
(-98.62173461914062, 48.35988235473633)
(-98.62176513671876, 48.35980224609375)
(-98.62175750732422, 48.35984420776367)
(-98.6213607788086, 48.359710693359375)
(-98.62147521972656, 48.35920333862305)
(-98.6218719482422, 48.359249114990234)
(-98.6219482421875, 48.35912322998047)
(-98.62210845947266, 48.35901641845703)
(-98.62201690673828, 48.35914611816406)
(-98.62165069580078, 48.36057662963867)
(-98.62187957763672, 48.36063003540039)
(-98.62084197998048, 48.35996627807617)
(-98.62083435058594, 48.36005401611328)
(-98.62074279785156, 48.36028671264648)
(-98.6207275390625, 48.36003875732422)
(-98.62062072753906, 48.3601188659668)
(-98.62077331542967, 48.360164642333984)
(-98.6208038330078, 48.360198974609375)
(-98.6207275390625, 48.36009979248047)
(-98.6207275390625, 48.36006164550781)
(-98.62210083007812, 48.35892868041992)
(-98.621826171875, 48.360618591308594)
(-98.6217041015625, 48.35982894897461)
(-98.6271743774414, 48.357765197753906)
(-98.6287612915039, 48.35673141479492)
(-98.62897491455078, 48.35683059692383)
(-98.62869262695312, 48.356815338134766)
(-98.62842559814452, 48.35676956176758)
(-98.62828063964844, 48.35762023925781)
(-98.6282196044922, 48.35752487182617)
(-98.62755584716795, 48.35755157470703)
(-98.62189483642578, 48.35904312133789)
(-98.62464904785156, 48.35861587524414)
(-98.62171173095705, 48.3598518371582)
(-98.62183380126952, 48.35902786254883)
(-98.62084197998048, 48.36005783081055)
(-98.62126922607422, 48.36018753051758)
(-98.62105560302734, 48.360107421875)
(-98.62096405029295, 48.35987091064453)
(-98.62071990966795, 48.36009979248047)
(-98.62075805664062, 48.36009216308594)
(-98.62066650390624, 48.35999298095703)
(-98.62078094482422, 48.359954833984375)
(-98.620849609375, 48.35993194580078)
(-98.62242889404295, 48.358795166015625)
(-98.62293243408205, 48.35859680175781)
(-98.62198638916016, 48.35913848876953)
(-98.62171173095705, 48.35984420776367)
(-98.6220474243164, 48.35957336425781)
(-98.62214660644533, 48.3597412109375)
(-98.62205505371094, 48.3597412109375)
(-98.62203979492188, 48.35984802246094)
(-98.62207794189452, 48.35975646972656)
(-98.62177276611328, 48.35988998413086)
(-98.62147521972656, 48.35905838012695)
(-98.62198638916016, 48.35913848876953)
(-98.6201171875, 48.36002349853515)
(-98.62220764160156, 48.35870742797851)
(-98.62169647216795, 48.35902404785156)
(-98.62083435058594, 48.359981536865234)
(-98.62100219726562, 48.35994720458984)
(-98.62084197998048, 48.35977935791016)
(-98.62069702148438, 48.35935592651367)
(-98.62042999267578, 48.360103607177734)
(-98.62158203125, 48.360103607177734)
(-98.62175750732422, 48.35981369018555)
(-98.62102508544922, 48.36009216308594)
(-98.62223815917967, 48.35940933227539)
(-98.62092590332033, 48.36094284057617)
(-98.62174987792967, 48.36102294921875)
(-98.6216278076172, 48.35982131958008)
(-98.62191009521484, 48.36057662963867)
(-98.6212921142578, 48.36006546020508)
(-98.62178802490234, 48.360069274902344)
(-98.6216812133789, 48.35945510864258)
(-98.62200164794922, 48.35964584350586)
(-98.62173461914062, 48.35989761352539)
(-98.62186431884766, 48.35975646972656)
(-98.62184143066406, 48.35995101928711)
(-98.62184143066406, 48.35991287231445)
(-98.62162017822266, 48.36017608642578)
(-98.6229476928711, 48.3585319519043)
(-98.62171173095705, 48.358882904052734)
(-98.62117767333984, 48.360252380371094)
(-98.62116241455078, 48.36024475097656)
(-98.62120819091795, 48.360260009765625)
(-98.62102508544922, 48.36007308959961)
(-98.6208038330078, 48.360008239746094)
(-98.62106323242188, 48.360164642333984)
(-98.62068176269533, 48.360107421875)
(-98.6207504272461, 48.36012268066406)
(-98.62101745605467, 48.36007308959961)
(-98.62181091308594, 48.35988235473633)
(-98.62174987792967, 48.35979461669922)
(-98.6217269897461, 48.36007308959961)
(-98.62191772460938, 48.359901428222656)
(-98.62162017822266, 48.35969543457031)
(-98.62161254882812, 48.360225677490234)
(-98.6214828491211, 48.3601188659668)
(-98.62155151367188, 48.35962677001953)
(-98.62184143066406, 48.3590202331543)
(-98.62176513671876, 48.35906219482422)
(-98.62187957763672, 48.35905456542969)
(-98.62165832519533, 48.35884475708008)
(-98.62222290039062, 48.35877227783203)
(-98.62223815917967, 48.35836410522461)
(-98.62145233154295, 48.35866928100586)
(-98.62155151367188, 48.359188079833984)
(-98.62174224853516, 48.35922622680664)
(-98.6216812133789, 48.35918426513672)
(-98.62108612060548, 48.36003112792969)
(-98.6209945678711, 48.36004638671875)
(-98.62065887451172, 48.35977935791016)
(-98.62071990966795, 48.36004257202149)
(-98.62071228027344, 48.36029815673828)
(-98.62029266357422, 48.360050201416016)
(-98.6220703125, 48.35908889770508)
(-98.6251220703125, 48.3577995300293)
(-98.62289428710938, 48.35855865478515)
(-98.6223373413086, 48.35872268676758)
(-98.62178802490234, 48.35885238647461)
(-98.62203979492188, 48.35911560058594)
(-98.62132263183594, 48.35989761352539)
(-98.62132263183594, 48.35999298095703)
(-98.6213150024414, 48.359954833984375)
(-98.621337890625, 48.359920501708984)
(-98.62137603759766, 48.35991668701172)
(-98.62128448486328, 48.359466552734375)
(-98.62248992919922, 48.35857391357422)
(-98.62147521972656, 48.35900115966797)
(-98.62158966064452, 48.35908508300781)
(-98.62115478515624, 48.35944366455078)
(-98.62126159667967, 48.36006546020508)
(-98.6218490600586, 48.359161376953125)
(-98.62174987792967, 48.359134674072266)
(-98.62177276611328, 48.359134674072266)
(-98.62152099609376, 48.35919570922851)
(-98.6218719482422, 48.35929107666016)
(-98.6216812133789, 48.35926055908203)
(-98.6218490600586, 48.35919570922851)
(-98.6217803955078, 48.35883712768555)
(-98.6220474243164, 48.35908126831055)
(-98.62179565429688, 48.359222412109375)
(-98.62205505371094, 48.35904312133789)
(-98.62187957763672, 48.35912322998047)
(-98.62195587158205, 48.3591194152832)
(-98.62196350097656, 48.35909652709961)
(-98.62167358398438, 48.35923767089844)
(-98.62176513671876, 48.35919570922851)
(-98.62165069580078, 48.35931396484375)
(-98.6219253540039, 48.35952377319336)
(-98.62203979492188, 48.359031677246094)
(-98.62196350097656, 48.35914611816406)
(-98.62203979492188, 48.35906600952149)
(-98.62150573730467, 48.35906600952149)
(-98.62173461914062, 48.359317779541016)
(-98.62179565429688, 48.35930633544922)
(-98.62184143066406, 48.35923385620117)
(-98.62163543701172, 48.35928726196289)
(-98.62176513671876, 48.359230041503906)
(-98.62178802490234, 48.35921096801758)
(-98.6216278076172, 48.35932540893555)
(-98.62184143066406, 48.35923767089844)
(-98.62171936035156, 48.35924530029297)
(-98.62142181396484, 48.36037826538086)
(-98.62216186523438, 48.36100387573242)
(-98.62165069580078, 48.360591888427734)
(-98.6220245361328, 48.35908508300781)
(-98.62195587158205, 48.35907745361328)
(-98.62200164794922, 48.359134674072266)
(-98.62200164794922, 48.3591194152832)
(-98.62181091308594, 48.359188079833984)
(-98.6217803955078, 48.359317779541016)
(-98.62205505371094, 48.359130859375)
(-98.62187957763672, 48.35906600952149)
(-98.6217803955078, 48.35924530029297)
(-98.6212387084961, 48.3603515625)
(-98.62178802490234, 48.35923385620117)
(-98.62165832519533, 48.359283447265625)
(-98.62100982666016, 48.36025619506836)
(-98.62116241455078, 48.36026382446289)
(-98.62227630615234, 48.35944366455078)
(-98.62171936035156, 48.359275817871094)
(-98.6218490600586, 48.359256744384766)
(-98.62181854248048, 48.35930252075195)
(-98.6218719482422, 48.35919952392578)
(-98.62139129638672, 48.360225677490234)
(-98.62126922607422, 48.36027145385742)
(-98.62104034423828, 48.36064529418945)
(-98.62281036376952, 48.35856246948242)
(-98.62207794189452, 48.3589973449707)
(-98.6220474243164, 48.35917282104492)
(-98.62220764160156, 48.35930252075195)
(-98.62200164794922, 48.359092712402344)
(-98.62206268310548, 48.35890579223633)
(-98.62210083007812, 48.3587646484375)
(-98.62198638916016, 48.359039306640625)
(-98.6220703125, 48.35882568359375)
(-98.62203979492188, 48.35908126831055)
(-98.62281799316406, 48.3585319519043)
(-98.62313842773438, 48.35852813720703)
(-98.6220932006836, 48.35896682739258)
(-98.62168884277344, 48.35996627807617)
(-98.62132263183594, 48.360328674316406)
(-98.621337890625, 48.360321044921875)
(-98.62130737304688, 48.36029815673828)
(-98.62126159667967, 48.360328674316406)
(-98.6213607788086, 48.36030578613281)
(-98.62120056152344, 48.36029815673828)
(-98.62118530273438, 48.36034393310547)
(-98.62122344970705, 48.36030960083008)
(-98.62081146240234, 48.36013412475586)
(-98.62300872802734, 48.35841369628906)
(-98.62236785888672, 48.35886764526367)
(-98.62210083007812, 48.359039306640625)
(-98.62199401855467, 48.35905075073242)
(-98.62200927734376, 48.35908889770508)
(-98.62181091308594, 48.35922622680664)
(-98.62200927734376, 48.35911560058594)
(-98.62154388427734, 48.359886169433594)
(-98.62120819091795, 48.35993957519531)
(-98.62149047851562, 48.3600959777832)
(-98.6214828491211, 48.360069274902344)
(-98.62135314941406, 48.36002349853515)
(-98.6223602294922, 48.35877227783203)
(-98.6224365234375, 48.35879898071289)
(-98.62149810791016, 48.360355377197266)
(-98.6213150024414, 48.36030960083008)
(-98.62140655517578, 48.36032485961914)
(-98.62125396728516, 48.360225677490234)
(-98.62175750732422, 48.35997772216797)
(-98.6216812133789, 48.359981536865234)
(-98.62139129638672, 48.36030960083008)
(-98.62191772460938, 48.36056137084961)
(-98.62129974365234, 48.36030197143555)
(-98.62128448486328, 48.360313415527344)
(-98.6224365234375, 48.35880661010742)

Duck ID: 236843
(-95.8042984008789, 47.41167068481445)
(-95.8043441772461, 47.41160202026367)
(-95.80755615234376, 47.40989303588867)
(-95.80736541748048, 47.41017150878906)
(-95.80770874023438, 47.41018295288086)
(-95.80780029296876, 47.4100456237793)
(-95.80755615234376, 47.40987014770508)
(-95.80738830566406, 47.41022872924805)
(-95.80755615234376, 47.410400390625)
(-95.8074951171875, 47.40998077392578)
(-95.80860900878906, 47.41031646728515)
(-95.70339965820312, 47.41463470458984)
(-95.70366668701172, 47.41434097290039)
(-95.69820404052734, 47.43779373168945)
(-95.6977996826172, 47.43798828125)
(-95.69767761230467, 47.43760299682617)
(-95.6982879638672, 47.4379997253418)
(-95.69776916503906, 47.43767547607422)
(-95.69776153564452, 47.43799591064453)
(-95.6976547241211, 47.437744140625)
(-95.7031478881836, 47.414794921875)
(-95.7032699584961, 47.41425704956055)
(-95.70339965820312, 47.414649963378906)
(-95.7189483642578, 47.40153121948242)
(-95.718505859375, 47.401126861572266)
(-95.70327758789062, 47.41460418701172)
(-95.70309448242188, 47.41463470458984)
(-95.7031707763672, 47.41480255126953)
(-95.70321655273438, 47.41469192504883)
(-95.70311737060548, 47.41489028930664)
(-95.70337677001952, 47.414703369140625)
(-95.70320129394533, 47.41458511352539)
(-95.70321655273438, 47.41470718383789)
(-95.70330047607422, 47.41457748413086)
(-95.70318603515624, 47.41452407836914)
(-95.70455932617188, 47.41431427001953)
(-95.7046890258789, 47.414581298828125)
(-95.70458984375, 47.41428756713867)
(-95.70494079589844, 47.41440200805664)
(-95.70524597167967, 47.41435623168945)
(-95.70553588867188, 47.414268493652344)
(-95.704833984375, 47.413795471191406)
(-95.70641326904295, 47.41416931152344)
(-95.70645904541016, 47.41404342651367)
(-95.70652770996094, 47.41415023803711)
(-95.70692443847656, 47.41357421875)
(-95.70879364013672, 47.413368225097656)
(-95.70690155029295, 47.41337966918945)
(-95.70685577392578, 47.41365432739258)
(-95.70539855957033, 47.41362380981445)
(-95.70470428466795, 47.41461563110352)
(-95.70464324951172, 47.41441345214844)
(-95.7031021118164, 47.414093017578125)
(-95.70323944091795, 47.41421127319336)
(-95.70500183105467, 47.41306686401367)
(-95.7035675048828, 47.41424560546875)
(-95.70354461669922, 47.41412734985352)
(-95.7031707763672, 47.41448593139648)
(-95.7031707763672, 47.41438293457031)
(-95.70442199707033, 47.414764404296875)
(-95.70514678955078, 47.41422653198242)
(-95.70502471923828, 47.413597106933594)
(-95.7052001953125, 47.413673400878906)
(-95.70443725585938, 47.41402053833008)
(-95.70421600341795, 47.41368865966797)
(-95.7056655883789, 47.41371154785156)
(-95.7046890258789, 47.41391372680664)
(-95.70183563232422, 47.41401290893555)
(-95.70230102539062, 47.41386413574219)
(-95.70267486572266, 47.4137077331543)
(-95.70223999023438, 47.41344451904297)
(-95.70215606689452, 47.4139289855957)
(-95.70207214355467, 47.413818359375)
(-95.70215606689452, 47.4141845703125)
(-95.70159912109376, 47.41514587402344)
(-95.7014389038086, 47.41544342041016)
(-95.70144653320312, 47.4152946472168)
(-95.70159912109376, 47.414817810058594)
(-95.70233154296876, 47.414798736572266)
(-95.70259857177734, 47.414772033691406)
(-95.7024917602539, 47.414791107177734)
(-95.70233154296876, 47.41470718383789)
(-95.70236206054688, 47.414676666259766)
(-95.6998519897461, 47.41485977172851)
(-95.70079803466795, 47.413963317871094)
(-95.7013702392578, 47.41449737548828)
(-95.70391845703124, 47.41474914550781)
(-95.70419311523438, 47.41449737548828)
(-95.7037353515625, 47.41517639160156)
(-95.70564270019533, 47.414451599121094)
(-95.70559692382812, 47.41420364379883)
(-95.70562744140624, 47.41427230834961)
(-95.70568084716795, 47.41433334350586)
(-95.70455169677734, 47.414546966552734)
(-95.70501708984376, 47.41429901123047)
(-95.70529174804688, 47.41420364379883)
(-95.70525360107422, 47.41423034667969)
(-95.70584869384766, 47.41423416137695)
(-95.7034683227539, 47.41472625732422)
(-95.7030029296875, 47.414546966552734)
(-95.70185089111328, 47.414794921875)
(-95.70221710205078, 47.415428161621094)
(-95.70323181152344, 47.41447448730469)
(-95.70330047607422, 47.41439437866211)
(-95.70320129394533, 47.41453552246094)
(-95.70275115966795, 47.414432525634766)
(-95.70423126220705, 47.413944244384766)
(-95.7078628540039, 47.41291427612305)
(-95.70687866210938, 47.41352081298828)
(-95.70526885986328, 47.41365814208984)
(-95.70478057861328, 47.41362762451172)
(-95.70447540283205, 47.41357421875)
(-95.70509338378906, 47.4134407043457)
(-95.70597076416016, 47.41342544555664)
(-95.70655059814452, 47.4133186340332)
(-95.7055206298828, 47.41362762451172)
(-95.70723724365234, 47.4136962890625)
(-95.70526123046876, 47.41392135620117)
(-95.7039566040039, 47.41375350952149)
(-95.70882415771484, 47.4135627746582)
(-95.7087173461914, 47.41350936889648)
(-95.70853424072266, 47.413421630859375)
(-95.70887756347656, 47.41367721557617)
(-95.70858764648438, 47.413692474365234)
(-95.70889282226562, 47.41365814208984)
(-95.70901489257812, 47.413482666015625)
(-95.70901489257812, 47.41365814208984)
(-95.70877075195312, 47.41352462768555)
(-95.70935821533205, 47.4134635925293)
(-95.70854949951172, 47.41358184814453)
(-95.70987701416016, 47.41315841674805)
(-95.70990753173828, 47.41240310668945)
(-95.7083740234375, 47.41275787353515)
(-95.70965576171876, 47.414100646972656)
(-95.7092742919922, 47.41343307495117)
(-95.71015167236328, 47.4136848449707)
(-95.71035766601562, 47.41395568847656)
(-95.71038055419922, 47.41381072998047)
(-95.71017456054688, 47.41471099853515)
(-95.70889282226562, 47.4140625)
(-95.70955657958984, 47.413848876953125)
(-95.70868682861328, 47.41364669799805)
(-95.71094512939452, 47.41457748413086)
(-95.71102905273438, 47.4144401550293)
(-95.71043395996094, 47.41396713256836)
(-95.70989990234376, 47.4132194519043)
(-95.70899963378906, 47.41366195678711)
(-95.70881652832033, 47.41343307495117)
(-95.70891571044922, 47.41356658935547)
(-95.7095947265625, 47.41355514526367)
(-95.70895385742188, 47.41379165649414)
(-95.70825958251952, 47.41376495361328)
(-95.70897674560548, 47.414737701416016)
(-95.70826721191406, 47.4136962890625)
(-95.70880126953124, 47.41351318359375)
(-95.70985412597656, 47.41446304321289)
(-95.71068572998048, 47.414207458496094)
(-95.7104949951172, 47.41453552246094)
(-95.70980834960938, 47.414676666259766)
(-95.7094955444336, 47.414066314697266)
(-95.70919036865234, 47.413822174072266)
(-95.7092056274414, 47.41387939453125)
(-95.7092056274414, 47.41387939453125)
(-95.70902252197266, 47.413516998291016)
(-95.70893096923828, 47.413597106933594)
(-95.7080307006836, 47.413516998291016)
(-95.70911407470705, 47.413082122802734)
(-95.708984375, 47.41294479370117)
(-95.70867919921876, 47.41360855102539)
(-95.70746612548828, 47.41316223144531)
(-95.70518493652344, 47.414188385009766)
(-95.70330810546876, 47.41468048095703)
(-95.7034683227539, 47.4147834777832)
(-95.70149230957033, 47.41501235961914)
(-95.70159149169922, 47.415340423583984)
(-95.70226287841795, 47.415061950683594)
(-95.70098114013672, 47.414493560791016)
(-95.70157623291016, 47.41570281982422)
(-95.7018814086914, 47.41502380371094)
(-95.70196533203124, 47.41499328613281)
(-95.70003509521484, 47.41485977172851)
(-95.70012664794922, 47.41442108154297)
(-95.70082092285156, 47.415130615234375)
(-95.70064544677734, 47.41498947143555)
(-95.70022583007812, 47.415374755859375)
(-95.70051574707033, 47.41532516479492)
(-95.70147705078124, 47.415306091308594)
(-95.70136260986328, 47.415252685546875)
(-95.70028686523438, 47.41470718383789)
(-95.69973754882812, 47.41412734985352)
(-95.70016479492188, 47.413875579833984)
(-95.69976806640624, 47.41393280029297)
(-95.69966888427734, 47.4139518737793)
(-95.70059204101562, 47.41485977172851)
(-95.7006607055664, 47.415069580078125)
(-95.70222473144533, 47.41501235961914)
(-95.70227813720705, 47.41484832763672)
(-95.7005386352539, 47.41534423828125)
(-95.70218658447266, 47.4144172668457)
(-95.7021026611328, 47.41474914550781)
(-95.7020034790039, 47.41492462158203)
(-95.7010726928711, 47.41518020629883)
(-95.70191192626952, 47.41493606567383)
(-95.7020492553711, 47.41487503051758)
(-95.7005386352539, 47.413761138916016)
(-95.70035552978516, 47.41482162475586)
(-95.7012710571289, 47.41438293457031)
(-95.70247650146484, 47.41411590576172)
(-95.70240020751952, 47.41399002075195)
(-95.70257568359376, 47.41381072998047)
(-95.70340728759766, 47.414066314697266)
(-95.7035140991211, 47.41400909423828)
(-95.70553588867188, 47.41373825073242)
(-95.70557403564452, 47.41383361816406)
(-95.70541381835938, 47.41386413574219)
(-95.70475006103516, 47.41379165649414)
(-95.7047882080078, 47.41380310058594)
(-95.7052001953125, 47.4140510559082)
(-95.70508575439452, 47.414527893066406)
(-95.70214080810548, 47.415061950683594)
(-95.70211791992188, 47.41505813598633)
(-95.7026138305664, 47.41533279418945)
(-95.70230102539062, 47.41465759277344)
(-95.70199584960938, 47.41512298583984)
(-95.70191192626952, 47.41511154174805)
(-95.70182037353516, 47.41511154174805)
(-95.7015380859375, 47.41489791870117)
(-95.70100402832033, 47.415130615234375)
(-95.6995086669922, 47.41511154174805)
(-95.70038604736328, 47.41554641723633)
(-95.69970703125, 47.414344787597656)
(-95.7000732421875, 47.41399765014648)
(-95.6995086669922, 47.41402816772461)
(-95.69974517822266, 47.41419982910156)
(-95.69982147216795, 47.41400909423828)
(-95.70049285888672, 47.41385269165039)
(-95.69964599609376, 47.41394805908203)
(-95.69966888427734, 47.414283752441406)
(-95.69998168945312, 47.41336441040039)
(-95.70085906982422, 47.4145622253418)
(-95.70127868652344, 47.41474533081055)
(-95.70075225830078, 47.41505432128906)
(-95.70091247558594, 47.41481018066406)
(-95.70230102539062, 47.41488265991211)
(-95.7019271850586, 47.41465759277344)
(-95.7021942138672, 47.41457748413086)
(-95.7020492553711, 47.415008544921875)
(-95.70299530029295, 47.41558074951172)
(-95.70196533203124, 47.41519546508789)
(-95.70226287841795, 47.41502380371094)
(-95.70191955566406, 47.415000915527344)
(-95.70194244384766, 47.41503143310547)
(-95.7002410888672, 47.41413497924805)
(-95.7005615234375, 47.41523742675781)
(-95.70061492919922, 47.41425704956055)
(-95.70001983642578, 47.414432525634766)
(-95.69972229003906, 47.41444778442383)
(-95.69940185546876, 47.41461563110352)
(-95.69935607910156, 47.41460037231445)
(-95.69964599609376, 47.41445541381836)
(-95.70040130615234, 47.41432189941406)
(-95.70073699951172, 47.41502380371094)
(-95.70061492919922, 47.4151496887207)
(-95.70074462890624, 47.41452407836914)
(-95.70075988769533, 47.414527893066406)
(-95.7009048461914, 47.415283203125)
(-95.7012176513672, 47.41514205932617)
(-95.70085144042967, 47.41565704345703)
(-95.70085144042967, 47.41554641723633)
(-95.70065307617188, 47.41556167602539)
(-95.70098876953124, 47.415283203125)
(-95.7012939453125, 47.415225982666016)
(-95.700927734375, 47.41522216796875)
(-95.70164489746094, 47.41486740112305)
(-95.7016830444336, 47.41514587402344)
(-95.70182037353516, 47.4148063659668)
(-95.70036315917967, 47.41444778442383)
(-95.70018005371094, 47.41502380371094)
(-95.69991302490234, 47.41425704956055)
(-95.69961547851562, 47.4146614074707)
(-95.70108795166016, 47.41554260253906)
(-95.7003936767578, 47.41562271118164)
(-95.70032501220705, 47.41567611694336)
(-95.70023345947266, 47.41553497314453)
(-95.70086669921876, 47.41448974609375)
(-95.70038604736328, 47.41547393798828)
(-95.70114135742188, 47.41502380371094)
(-95.701171875, 47.414981842041016)
(-95.70084381103516, 47.415130615234375)
(-95.70064544677734, 47.415096282958984)
(-95.70103454589844, 47.4152717590332)
(-95.70154571533205, 47.4154167175293)
(-95.7020492553711, 47.41526412963867)
(-95.70140075683594, 47.41519927978515)
(-95.7021255493164, 47.41530990600586)
(-95.70207214355467, 47.41507339477539)
(-95.70215606689452, 47.41509246826172)
(-95.70207214355467, 47.41498947143555)
(-95.70201110839844, 47.41501998901367)
(-95.70198059082033, 47.41496276855469)
(-95.70025634765624, 47.414737701416016)
(-95.69992065429688, 47.41512680053711)
(-95.70165252685548, 47.414764404296875)
(-95.70086669921876, 47.415061950683594)
(-95.69965362548828, 47.41455078125)
(-95.70021057128906, 47.415016174316406)
(-95.70040130615234, 47.41559219360352)
(-95.70033264160156, 47.41554641723633)
(-95.69998168945312, 47.41511917114258)
(-95.70077514648438, 47.414424896240234)
(-95.70126342773438, 47.415225982666016)
(-95.70025634765624, 47.415306091308594)
(-95.70091247558594, 47.4146842956543)
(-95.70037841796876, 47.41438293457031)
(-95.70121002197266, 47.41504669189453)
(-95.70166778564452, 47.41520690917969)
(-95.70169830322266, 47.415260314941406)
(-95.70087432861328, 47.41571807861328)
(-95.70118713378906, 47.415184020996094)
(-95.7010498046875, 47.4152946472168)
(-95.70068359375, 47.41533279418945)
(-95.70089721679688, 47.41559219360352)
(-95.70095825195312, 47.41556930541992)
(-95.70099639892578, 47.415531158447266)
(-95.70002746582033, 47.41466522216797)
(-95.69943237304688, 47.414024353027344)
(-95.70050048828124, 47.41474533081055)
(-95.7011489868164, 47.41521453857422)
(-95.7012176513672, 47.41568374633789)
(-95.7004852294922, 47.415653228759766)
(-95.70016479492188, 47.415157318115234)
(-95.6997299194336, 47.41484069824219)
(-95.69961547851562, 47.415042877197266)
(-95.69986724853516, 47.41436004638672)
(-95.70081329345705, 47.415321350097656)
(-95.70081329345705, 47.41434097290039)
(-95.69924926757812, 47.413856506347656)
(-95.69766235351562, 47.41238021850586)
(-95.70126342773438, 47.415435791015625)
(-95.70126342773438, 47.415435791015625)
(-95.7010269165039, 47.415550231933594)
(-95.70089721679688, 47.41559600830078)
(-95.70101928710938, 47.41557312011719)
(-95.70064544677734, 47.41537857055664)
(-95.7008056640625, 47.4156494140625)
(-95.70006561279295, 47.41526794433594)
(-95.70095825195312, 47.415321350097656)
(-95.70087432861328, 47.41537857055664)
(-95.7013168334961, 47.41502380371094)
(-95.70130157470705, 47.415061950683594)
(-95.69954681396484, 47.4141960144043)
(-95.6994171142578, 47.41417694091797)
(-95.70106506347656, 47.41459274291992)
(-95.70060729980467, 47.41492462158203)
(-95.70086669921876, 47.415035247802734)
(-95.70140075683594, 47.41447067260742)
(-95.69927215576172, 47.41514587402344)
(-95.70030212402344, 47.414100646972656)
(-95.6997528076172, 47.414276123046875)
(-95.7014389038086, 47.414188385009766)
(-95.70113372802734, 47.41427230834961)
(-95.69970703125, 47.41431427001953)
(-95.70054626464844, 47.41391372680664)
(-95.70084381103516, 47.4154052734375)
(-95.70183563232422, 47.41498565673828)
(-95.7019271850586, 47.41526412963867)
(-95.7019271850586, 47.4151725769043)
(-95.701904296875, 47.415008544921875)
(-95.70173645019533, 47.4152946472168)
(-95.70217895507812, 47.41500473022461)
(-95.70223999023438, 47.41496276855469)
(-95.70223999023438, 47.414947509765625)
(-95.7020034790039, 47.41490173339844)
(-95.69994354248048, 47.41353225708008)
(-95.70252990722656, 47.416351318359375)
(-95.7010269165039, 47.41460418701172)
(-95.7008819580078, 47.41424560546875)
(-95.70023345947266, 47.41378402709961)
(-95.70125579833984, 47.41433334350586)
(-95.70082092285156, 47.41517639160156)
(-95.69992065429688, 47.4149284362793)
(-95.70105743408205, 47.41497802734375)
(-95.70093536376952, 47.41514205932617)
(-95.69972229003906, 47.41403579711914)
(-95.69952392578124, 47.41408920288086)
(-95.6993179321289, 47.41424179077149)
(-95.70028686523438, 47.41373825073242)
(-95.70156860351562, 47.41511535644531)
(-95.70178985595705, 47.41498947143555)
(-95.70215606689452, 47.4151496887207)
(-95.70209503173828, 47.414947509765625)
(-95.70207977294922, 47.41497039794922)
(-95.70207977294922, 47.41507339477539)
(-95.7020492553711, 47.41504669189453)
(-95.7022705078125, 47.41572952270508)
(-95.70173645019533, 47.41515350341797)
(-95.70182037353516, 47.41511535644531)
(-95.70098876953124, 47.41414642333984)
(-95.7026138305664, 47.41383743286133)
(-95.70272064208984, 47.41389083862305)
(-95.70264434814452, 47.41390228271485)
(-95.70402526855467, 47.41378402709961)
(-95.70262908935548, 47.41463851928711)
(-95.70259857177734, 47.41374206542969)
(-95.70252990722656, 47.41388702392578)
(-95.7024917602539, 47.41373443603515)
(-95.7021026611328, 47.41384506225586)
(-95.701416015625, 47.413536071777344)
(-95.70223236083984, 47.41318893432617)
(-95.70216369628906, 47.413917541503906)
(-95.70082092285156, 47.415428161621094)
(-95.70114135742188, 47.414154052734375)
(-95.7017822265625, 47.414981842041016)
(-95.70178985595705, 47.41523361206055)
(-95.70154571533205, 47.41506576538086)
(-95.7018814086914, 47.41484069824219)
(-95.70186614990234, 47.414981842041016)
(-95.7020263671875, 47.415096282958984)
(-95.70189666748048, 47.41505432128906)
(-95.70174407958984, 47.41505432128906)
(-95.70184326171876, 47.41482925415039)
(-95.6994400024414, 47.41391372680664)
(-95.70072174072266, 47.41373062133789)
(-95.70005798339844, 47.41473388671875)
(-95.69996643066406, 47.414154052734375)
(-95.70130920410156, 47.41424560546875)
(-95.70286560058594, 47.41378402709961)
(-95.7024383544922, 47.413841247558594)
(-95.70317840576172, 47.414424896240234)
(-95.70735931396484, 47.41424179077149)
(-95.7056884765625, 47.41361999511719)
(-95.70785522460938, 47.41344451904297)
(-95.7083511352539, 47.41288375854492)
(-95.7077178955078, 47.413307189941406)
(-95.70701599121094, 47.41381072998047)
(-95.70186614990234, 47.41523361206055)
(-95.70175170898438, 47.41512680053711)
(-95.70077514648438, 47.41475296020508)
(-95.7021942138672, 47.415428161621094)
(-95.70172119140624, 47.4151725769043)
(-95.70169067382812, 47.415260314941406)
(-95.70176696777344, 47.41521072387695)
(-95.70179748535156, 47.41516876220703)
(-95.70113372802734, 47.414939880371094)
(-95.70172119140624, 47.41514205932617)
(-95.70389556884766, 47.41365432739258)
(-95.7051773071289, 47.413665771484375)
(-95.7057876586914, 47.41427993774414)
(-95.70581817626952, 47.4136962890625)
(-95.70669555664062, 47.41439056396485)
(-95.70687103271484, 47.413856506347656)
(-95.70520782470705, 47.41409683227539)
(-95.70687866210938, 47.413551330566406)
(-95.70689392089844, 47.413475036621094)
(-95.70889282226562, 47.41312026977539)
(-95.70870971679688, 47.41341781616211)
(-95.70919036865234, 47.41318130493164)
(-95.70917510986328, 47.413475036621094)
(-95.70924377441406, 47.412872314453125)
(-95.708740234375, 47.41379928588867)
(-95.70861053466795, 47.41349029541016)
(-95.70832824707033, 47.41381072998047)
(-95.71047973632812, 47.412132263183594)
(-95.70890045166016, 47.41349792480469)
(-95.7088851928711, 47.413612365722656)
(-95.70887756347656, 47.413604736328125)
(-95.70882415771484, 47.41365814208984)
(-95.70886993408205, 47.413761138916016)
(-95.70874786376952, 47.413368225097656)
(-95.70806884765624, 47.41362762451172)
(-95.7037124633789, 47.413700103759766)
(-95.70452880859376, 47.413368225097656)
(-95.70438385009766, 47.413516998291016)
(-95.70377349853516, 47.41401672363281)
(-95.70404815673828, 47.413970947265625)
(-95.70430755615234, 47.41365814208984)
(-95.7037582397461, 47.41382598876953)
(-95.7027587890625, 47.41368865966797)
(-95.70267486572266, 47.41385269165039)
(-95.7026596069336, 47.41383361816406)
(-95.70276641845705, 47.413780212402344)
(-95.70226287841795, 47.41387939453125)
(-95.7021484375, 47.413578033447266)
(-95.7017593383789, 47.41493606567383)
(-95.70167541503906, 47.41505432128906)
(-95.7019271850586, 47.41490173339844)
(-95.70173645019533, 47.41499328613281)
(-95.70189666748048, 47.415042877197266)
(-95.70187377929688, 47.41499710083008)
(-95.70174407958984, 47.4149169921875)
(-95.70248413085938, 47.415287017822266)
(-95.7020492553711, 47.41525650024414)
(-95.70183563232422, 47.415016174316406)
(-95.70318603515624, 47.41386413574219)
(-95.70549774169922, 47.413795471191406)
(-95.7047348022461, 47.41390228271485)
(-95.7047348022461, 47.41425704956055)
(-95.70423889160156, 47.41474533081055)
(-95.70462036132812, 47.41435623168945)
(-95.70526885986328, 47.41407775878906)
(-95.7048568725586, 47.41417694091797)
(-95.70549774169922, 47.4137077331543)
(-95.70547485351562, 47.41401672363281)
(-95.70267486572266, 47.413387298583984)
(-95.7032470703125, 47.41358947753906)
(-95.70281219482422, 47.41343688964844)
(-95.70471954345705, 47.4147834777832)
(-95.70191955566406, 47.41515350341797)
(-95.7021026611328, 47.41501235961914)
(-95.70171356201172, 47.41514587402344)
(-95.702880859375, 47.4149284362793)
(-95.70233917236328, 47.414852142333984)
(-95.70217895507812, 47.4146728515625)
(-95.70237731933594, 47.41499328613281)
(-95.7021255493164, 47.41510391235352)
(-95.70204162597656, 47.41494369506836)
(-95.70204162597656, 47.41494369506836)
(-95.70177459716795, 47.41477584838867)
(-95.70184326171876, 47.414268493652344)
(-95.7020263671875, 47.414588928222656)
(-95.70233154296876, 47.41388320922851)
(-95.70265197753906, 47.41389465332031)
(-95.703369140625, 47.414215087890625)
(-95.70311737060548, 47.4136848449707)
(-95.70379638671876, 47.414058685302734)
(-95.7026138305664, 47.413787841796875)
(-95.7026596069336, 47.4141960144043)
(-95.702392578125, 47.41337966918945)
(-95.70274353027344, 47.413818359375)
(-95.70342254638672, 47.41401290893555)
(-95.7036590576172, 47.414039611816406)
(-95.70370483398438, 47.41397857666016)
(-95.701904296875, 47.415061950683594)
(-95.70217895507812, 47.41504669189453)
(-95.7021255493164, 47.41503143310547)
(-95.70197296142578, 47.4149284362793)
(-95.7020263671875, 47.41499328613281)
(-95.70201110839844, 47.4150276184082)
(-95.70185089111328, 47.415008544921875)
(-95.70175170898438, 47.4150390625)
(-95.70172119140624, 47.41523742675781)
(-95.70178985595705, 47.41518020629883)
(-95.70195770263672, 47.4144401550293)
(-95.7045440673828, 47.413909912109375)
(-95.70550537109376, 47.41405487060547)
(-95.69915008544922, 47.413944244384766)
(-95.7000732421875, 47.41511917114258)
(-95.70394134521484, 47.41394805908203)
(-95.70394134521484, 47.41393280029297)
(-95.70480346679688, 47.41421127319336)
(-95.70539093017578, 47.4139518737793)
(-95.70242309570312, 47.41354751586914)
(-95.70191955566406, 47.41411590576172)
(-95.70308685302734, 47.414344787597656)
(-95.7036361694336, 47.41432571411133)
(-95.70269775390624, 47.41399765014648)
(-95.7015609741211, 47.41521072387695)
(-95.701904296875, 47.414852142333984)
(-95.70187377929688, 47.41502380371094)
(-95.70188903808594, 47.41512298583984)
(-95.70142364501952, 47.414913177490234)
(-95.70233154296876, 47.41466522216797)
(-95.7024383544922, 47.41468048095703)
(-95.70235443115234, 47.414695739746094)
(-95.7024154663086, 47.41468811035156)
(-95.7025375366211, 47.41468048095703)
(-95.70462036132812, 47.414573669433594)
(-95.70499420166016, 47.41417694091797)
(-95.70629119873048, 47.41315460205078)
(-95.70327758789062, 47.41356658935547)
(-95.7042465209961, 47.41468048095703)
(-95.70561981201172, 47.41391372680664)
(-95.70462036132812, 47.41446685791016)
(-95.70442199707033, 47.41471862792969)
(-95.70416259765624, 47.41473007202149)
(-95.70426177978516, 47.4146842956543)
(-95.7042465209961, 47.414913177490234)
(-95.70437622070312, 47.4146614074707)
(-95.70489501953124, 47.41426086425781)
(-95.70547485351562, 47.41412353515625)
(-95.70354461669922, 47.414459228515625)
(-95.70314025878906, 47.414546966552734)
(-95.70325469970705, 47.41454315185547)
(-95.70313262939452, 47.41462326049805)
(-95.70340728759766, 47.41432189941406)
(-95.70330810546876, 47.414512634277344)
(-95.70303344726562, 47.41432189941406)
(-95.7026596069336, 47.41437530517578)
(-95.70320129394533, 47.41448593139648)
(-95.70310974121094, 47.41455841064453)
(-95.70310974121094, 47.41453170776367)
(-95.70480346679688, 47.41447830200195)
(-95.70450592041016, 47.41399002075195)
(-95.70328521728516, 47.413848876953125)
(-95.70323181152344, 47.41452407836914)
(-95.70159149169922, 47.414363861083984)
(-95.70191192626952, 47.41326522827149)
(-95.70252990722656, 47.41371154785156)
(-95.70232391357422, 47.41390228271485)
(-95.7021942138672, 47.413673400878906)
(-95.7041015625, 47.41378402709961)
(-95.7037582397461, 47.41365814208984)
(-95.70201110839844, 47.413841247558594)
(-95.70069122314452, 47.415287017822266)
(-95.70362854003906, 47.41468811035156)
(-95.70449829101562, 47.414588928222656)
(-95.70511627197266, 47.41436767578125)
(-95.7044448852539, 47.41438293457031)
(-95.7042999267578, 47.414398193359375)
(-95.70384979248048, 47.414894104003906)
(-95.70436096191406, 47.41451644897461)
(-95.7043228149414, 47.414459228515625)
(-95.70416259765624, 47.41435241699219)
(-95.70436096191406, 47.414520263671875)
(-95.70500183105467, 47.41471862792969)
(-95.70551300048828, 47.41419219970703)
(-95.7034683227539, 47.4140739440918)
(-95.70348358154295, 47.4139518737793)
(-95.7045440673828, 47.413841247558594)
(-95.70524597167967, 47.41365432739258)
(-95.70460510253906, 47.41352081298828)
(-95.70513153076172, 47.413795471191406)
(-95.70516204833984, 47.413726806640625)
(-95.70317840576172, 47.413818359375)
(-95.70264434814452, 47.41365432739258)
(-95.70266723632812, 47.413726806640625)
(-95.70550537109376, 47.414306640625)
(-95.70337677001952, 47.414363861083984)
(-95.70417022705078, 47.41436767578125)
(-95.70415496826172, 47.414669036865234)
(-95.7040023803711, 47.414424896240234)
(-95.70441436767578, 47.41414260864258)
(-95.70416259765624, 47.41425704956055)
(-95.70401763916016, 47.41421890258789)
(-95.70425415039062, 47.414100646972656)
(-95.70416259765624, 47.41424179077149)
(-95.70391845703124, 47.41405487060547)
(-95.70409393310548, 47.414005279541016)
(-95.7042465209961, 47.4144287109375)
(-95.7041015625, 47.41497421264648)
(-95.7042236328125, 47.414451599121094)
(-95.70407104492188, 47.41476821899414)
(-95.70396423339844, 47.41490936279297)
(-95.70409393310548, 47.414913177490234)
(-95.70502471923828, 47.413211822509766)
(-95.70460510253906, 47.41424179077149)
(-95.70501708984376, 47.41332244873047)
(-95.70539093017578, 47.413909912109375)
(-95.70211791992188, 47.41399383544922)
(-95.70220184326172, 47.41377639770508)
(-95.70238494873048, 47.41402816772461)
(-95.70275115966795, 47.41411590576172)
(-95.7016830444336, 47.414852142333984)
(-95.7016830444336, 47.4148063659668)
(-95.70333099365234, 47.41545486450195)
(-95.70169830322266, 47.41482925415039)
(-95.7017822265625, 47.414772033691406)
(-95.70166015625, 47.41482925415039)
(-95.70158386230467, 47.41457748413086)
(-95.7013168334961, 47.41464614868164)
(-95.70150756835938, 47.41461563110352)
(-95.70123291015624, 47.41460418701172)
(-95.70313262939452, 47.41473007202149)
(-95.70362091064452, 47.4150390625)
(-95.70423126220705, 47.41497421264648)
(-95.70435333251952, 47.414772033691406)
(-95.70619201660156, 47.41410827636719)
(-95.70661163330078, 47.41415786743164)
(-95.7065658569336, 47.41403579711914)
(-95.70622253417967, 47.414039611816406)
(-95.70580291748048, 47.41421127319336)
(-95.704833984375, 47.414398193359375)
(-95.7050323486328, 47.41398239135742)
(-95.70537567138672, 47.41361999511719)
(-95.70271301269533, 47.41353988647461)
(-95.70320892333984, 47.41389083862305)
(-95.70289611816406, 47.41445541381836)
(-95.70320129394533, 47.41436004638672)
(-95.7030258178711, 47.414608001708984)
(-95.70316314697266, 47.414302825927734)
(-95.70305633544922, 47.41447830200195)
(-95.70294952392578, 47.4145622253418)
(-95.70304107666016, 47.414344787597656)
(-95.70301818847656, 47.414669036865234)
(-95.70328521728516, 47.41524887084961)
(-95.70309448242188, 47.41453170776367)
(-95.70401000976562, 47.414268493652344)
(-95.70418548583984, 47.41441345214844)
(-95.70452880859376, 47.41429138183594)
(-95.70354461669922, 47.41424560546875)
(-95.7048110961914, 47.41366195678711)
(-95.70537567138672, 47.41332244873047)
(-95.70415496826172, 47.413536071777344)
(-95.70415496826172, 47.413536071777344)
(-95.70506286621094, 47.41383361816406)
(-95.7051773071289, 47.414520263671875)
(-95.7049331665039, 47.4143180847168)
(-95.70429229736328, 47.41453170776367)
(-95.70489501953124, 47.41439056396485)
(-95.70426940917967, 47.41392517089844)
(-95.7022933959961, 47.41366195678711)
(-95.70281982421876, 47.414527893066406)
(-95.7028579711914, 47.41481018066406)
(-95.70306396484376, 47.4141731262207)
(-95.70319366455078, 47.414188385009766)
(-95.70299530029295, 47.41427993774414)
(-95.70320129394533, 47.41446685791016)
(-95.70320892333984, 47.4142951965332)
(-95.7030792236328, 47.4144401550293)
(-95.70295715332033, 47.414520263671875)
(-95.70301055908205, 47.41444396972656)
(-95.7027816772461, 47.41407012939453)
(-95.70308685302734, 47.41417694091797)
(-95.70317840576172, 47.4139404296875)
(-95.70458221435548, 47.41464614868164)
(-95.70498657226562, 47.41421890258789)
(-95.70550537109376, 47.41376876831055)
(-95.70497131347656, 47.41385269165039)
(-95.70413208007812, 47.41401672363281)
(-95.70404815673828, 47.41396713256836)
(-95.7039794921875, 47.41373825073242)
(-95.7040786743164, 47.41400909423828)
(-95.7053451538086, 47.413970947265625)
(-95.70538330078124, 47.41377258300781)
(-95.70489501953124, 47.414894104003906)
(-95.7031478881836, 47.41463470458984)
(-95.70319366455078, 47.41453552246094)
(-95.70311737060548, 47.414546966552734)
(-95.70313262939452, 47.41456604003906)
(-95.70309448242188, 47.41454315185547)
(-95.70309448242188, 47.41448974609375)
(-95.70316314697266, 47.41426467895508)
(-95.70296478271484, 47.414608001708984)
(-95.70316314697266, 47.414344787597656)
(-95.70291900634766, 47.4144172668457)
(-95.7045440673828, 47.41371536254883)
(-95.70687866210938, 47.41326904296875)
(-95.70558166503906, 47.41349411010742)
(-95.70440673828124, 47.41370391845703)
(-95.70507049560548, 47.414005279541016)
(-95.70511627197266, 47.41434097290039)
(-95.70445251464844, 47.41428756713867)
(-95.70499420166016, 47.41439437866211)
(-95.7053680419922, 47.41425704956055)
(-95.70741271972656, 47.41334915161133)
(-95.70769500732422, 47.41313171386719)
(-95.70785522460938, 47.41301727294922)
(-95.70772552490234, 47.41279983520508)
(-95.70389556884766, 47.413944244384766)
(-95.7036590576172, 47.41414642333984)
(-95.70391845703124, 47.41432189941406)
(-95.70331573486328, 47.41456985473633)
(-95.70288848876952, 47.414581298828125)
(-95.70289611816406, 47.414588928222656)
(-95.7031021118164, 47.41455078125)
(-95.69859313964844, 47.416805267333984)
(-95.70278930664062, 47.41454315185547)
(-95.70285034179688, 47.414554595947266)
(-95.70635223388672, 47.4150390625)
(-95.70986938476562, 47.414344787597656)
(-95.70558166503906, 47.41566467285156)
(-95.70502471923828, 47.41617965698242)
(-95.70447540283205, 47.41458511352539)
(-95.70348358154295, 47.41397476196289)
(-95.70364379882812, 47.41415786743164)
(-95.70231628417967, 47.41374206542969)
(-95.70003509521484, 47.432090759277344)
(-95.7028350830078, 47.41379165649414)
(-95.7052764892578, 47.41385269165039)
(-95.70564270019533, 47.4139404296875)
(-95.70408630371094, 47.41438293457031)
(-95.70413970947266, 47.41445541381836)
(-95.7042236328125, 47.4138069152832)
(-95.70418548583984, 47.4144287109375)
(-95.70471954345705, 47.41421127319336)
(-95.70468139648438, 47.41446304321289)
(-95.70441436767578, 47.41440963745117)
(-95.70509338378906, 47.4143180847168)
(-95.70474243164062, 47.414276123046875)
(-95.7051239013672, 47.41451644897461)
(-95.7049331665039, 47.41421127319336)
(-95.70490264892578, 47.41424560546875)
(-95.7046890258789, 47.41427230834961)
(-95.70455169677734, 47.41432189941406)
(-95.70455169677734, 47.41421127319336)
(-95.705078125, 47.414493560791016)
(-95.70350646972656, 47.41399002075195)
(-95.70626068115234, 47.41405487060547)
(-95.70549011230467, 47.41392517089844)
(-95.70556640625, 47.41373443603515)
(-95.7054214477539, 47.41378402709961)
(-95.70442962646484, 47.414302825927734)
(-95.70460510253906, 47.414493560791016)
(-95.7050323486328, 47.4146614074707)
(-95.70547485351562, 47.41474151611328)
(-95.70542907714844, 47.414817810058594)
(-95.70430755615234, 47.41463470458984)
(-95.70436096191406, 47.41449737548828)
(-95.70479583740234, 47.41441345214844)
(-95.70441436767578, 47.41472244262695)
(-95.70367431640624, 47.414249420166016)
(-95.70530700683594, 47.41521453857422)
(-95.70286560058594, 47.41463851928711)
(-95.7030029296875, 47.414794921875)
(-95.7041015625, 47.414581298828125)
(-95.70397186279295, 47.41462326049805)
(-95.7039031982422, 47.414817810058594)
(-95.7042236328125, 47.414554595947266)
(-95.70498657226562, 47.414066314697266)
(-95.70559692382812, 47.41365432739258)
(-95.70223236083984, 47.41364669799805)
(-95.70218658447266, 47.41378402709961)
(-95.70282745361328, 47.4138298034668)
(-95.70208740234376, 47.41376876831055)
(-95.7022705078125, 47.41383361816406)
(-95.7022476196289, 47.41374206542969)
(-95.70423889160156, 47.41386413574219)
(-95.70413208007812, 47.41389465332031)
(-95.70445251464844, 47.4141731262207)
(-95.70313262939452, 47.41462707519531)
(-95.7029266357422, 47.41463088989258)
(-95.70396423339844, 47.414764404296875)
(-95.70402526855467, 47.41476058959961)
(-95.70417785644533, 47.414798736572266)
(-95.70411682128906, 47.414852142333984)
(-95.70406341552734, 47.41476821899414)
(-95.7042999267578, 47.41489791870117)
(-95.70396423339844, 47.4146614074707)
(-95.70416259765624, 47.414669036865234)
(-95.70408630371094, 47.41463851928711)
(-95.70366668701172, 47.414066314697266)
(-95.70680236816406, 47.41343307495117)
(-95.70764923095705, 47.41309356689453)
(-95.70799255371094, 47.412837982177734)
(-95.70787811279295, 47.41349411010742)
(-95.7083511352539, 47.412635803222656)
(-95.70750427246094, 47.4129524230957)
(-95.70807647705078, 47.41293716430664)
(-95.70848846435548, 47.41260528564453)
(-95.70819854736328, 47.412567138671875)
(-95.7090301513672, 47.41271209716797)
(-95.70895385742188, 47.41268539428711)
(-95.70891571044922, 47.41265869140625)
(-95.70429229736328, 47.41470718383789)
(-95.70372772216795, 47.41476058959961)
(-95.7032241821289, 47.414520263671875)
(-95.70323181152344, 47.41448974609375)
(-95.7032699584961, 47.41461563110352)
(-95.70314025878906, 47.41459274291992)
(-95.70320892333984, 47.41448974609375)
(-95.70433044433594, 47.41460037231445)
(-95.70458984375, 47.41440200805664)
(-95.70450592041016, 47.41422653198242)
(-95.70452117919922, 47.41435241699219)
(-95.70543670654295, 47.41410446166992)
(-95.70893096923828, 47.413673400878906)
(-95.7093276977539, 47.41341018676758)
(-95.70953369140624, 47.41359329223633)
(-95.71039581298828, 47.41382598876953)
(-95.7103500366211, 47.41379928588867)
(-95.70999908447266, 47.413448333740234)
(-95.71021270751952, 47.4137077331543)
(-95.7102279663086, 47.41396713256836)
(-95.71038818359376, 47.414794921875)
(-95.71036529541016, 47.41399765014648)
(-95.71009826660156, 47.41371536254883)
(-95.70997619628906, 47.41372299194336)
